950101
950102
950103
950104
950105
950106
950107
950108
950109
950110
950111
950112
950113
950114
950115
950116
950117
950118
950119
950120
950121
950122
950123
950124
950125
950126
950127
950128
950129
950130
950131
950201
950202
950203
950204
950205
950206
950207
950208
950209
950210
950211
950212
950213
950214
950215
950216
950217
950218
950219
950220
950221
950222
950223
950224
950225
950226
950227
950228
950229
950230
950231
950301
950302
950303
950304
950305
950306
950307
950308
950309
950310
950311
950312
950313
950314
950315
950316
950317
950318
950319
950320
950321
950322
950323
950324
950325
950326
950327
950328
950329
950330
950331
950401
950402
950403
950404
950405
950406
950407
950408
950409
950410
950411
950412
950413
950414
950415
950416
950417
950418
950419
950420
950421
950422
950423
950424
950425
950426
950427
950428
950429
950430
950431
950501
950502
950503
950504
950505
950506
950507
950508
950509
950510
950511
950512
950513
950514
950515
950516
950517
950518
950519
950520
950521
950522
950523
950524
950525
950526
950527
950528
950529
950530
950531
950601
950602
950603
950604
950605
950606
950607
950608
950609
950610
950611
950612
950613
950614
950615
950616
950617
950618
950619
950620
950621
950622
950623
950624
950625
950626
950627
950628
950629
950630
950631
950701
950702
950703
950704
950705
950706
950707
950708
950709
950710
950711
950712
950713
950714
950715
950716
950717
950718
950719
950720
950721
950722
950723
950724
950725
950726
950727
950728
950729
950730
950731
950801
950802
950803
950804
950805
950806
950807
950808
950809
950810
950811
950812
950813
950814
950815
950816
950817
950818
950819
950820
950821
950822
950823
950824
950825
950826
950827
950828
950829
950830
950831
950901
950902
950903
950904
950905
950906
950907
950908
950909
950910
950911
950912
950913
950914
950915
950916
950917
950918
950919
950920
950921
950922
950923
950924
950925
950926
950927
950928
950929
950930
950931
951001
951002
951003
951004
951005
951006
951007
951008
951009
951010
951011
951012
951013
951014
951015
951016
951017
951018
951019
951020
951021
951022
951023
951024
951025
951026
951027
951028
951029
951030
951031
951101
951102
951103
951104
951105
951106
951107
951108
951109
951110
951111
951112
951113
951114
951115
951116
951117
951118
951119
951120
951121
951122
951123
951124
951125
951126
951127
951128
951129
951130
951131
951201
951202
951203
951204
951205
951206
951207
951208
951209
951210
951211
951212
951213
951214
951215
951216
951217
951218
951219
951220
951221
951222
951223
951224
951225
951226
951227
951228
951229
951230
951231
960101
960102
960103
960104
960105
960106
960107
960108
960109
960110
960111
960112
960113
960114
960115
960116
960117
960118
960119
960120
960121
960122
960123
960124
960125
960126
960127
960128
960129
960130
960131
960201
960202
960203
960204
960205
960206
960207
960208
960209
960210
960211
960212
960213
960214
960215
960216
960217
960218
960219
960220
960221
960222
960223
960224
960225
960226
960227
960228
960229
960230
960231
960301
960302
960303
960304
960305
960306
960307
960308
960309
960310
960311
960312
960313
960314
960315
960316
960317
960318
960319
960320
960321
960322
960323
960324
960325
960326
960327
960328
960329
960330
960331
960401
960402
960403
960404
960405
960406
960407
960408
960409
960410
960411
960412
960413
960414
960415
960416
960417
960418
960419
960420
960421
960422
960423
960424
960425
960426
960427
960428
960429
960430
960431
960501
960502
960503
960504
960505
960506
960507
960508
960509
960510
960511
960512
960513
960514
960515
960516
960517
960518
960519
960520
960521
960522
960523
960524
960525
960526
960527
960528
960529
960530
960531
960601
960602
960603
960604
960605
960606
960607
960608
960609
960610
960611
960612
960613
960614
960615
960616
960617
960618
960619
960620
960621
960622
960623
960624
960625
960626
960627
960628
960629
960630
960631
960701
960702
960703
960704
960705
960706
960707
960708
960709
960710
960711
960712
960713
960714
960715
960716
960717
960718
960719
960720
960721
960722
960723
960724
960725
960726
960727
960728
960729
960730
960731
960801
960802
960803
960804
960805
960806
960807
960808
960809
960810
960811
960812
960813
960814
960815
960816
960817
960818
960819
960820
960821
960822
960823
960824
960825
960826
960827
960828
960829
960830
960831
960901
960902
960903
960904
960905
960906
960907
960908
960909
960910
960911
960912
960913
960914
960915
960916
960917
960918
960919
960920
960921
960922
960923
960924
960925
960926
960927
960928
960929
960930
960931
961001
961002
961003
961004
961005
961006
961007
961008
961009
961010
961011
961012
961013
961014
961015
961016
961017
961018
961019
961020
961021
961022
961023
961024
961025
961026
961027
961028
961029
961030
961031
961101
961102
961103
961104
961105
961106
961107
961108
961109
961110
961111
961112
961113
961114
961115
961116
961117
961118
961119
961120
961121
961122
961123
961124
961125
961126
961127
961128
961129
961130
961131
961201
961202
961203
961204
961205
961206
961207
961208
961209
961210
961211
961212
961213
961214
961215
961216
961217
961218
961219
961220
961221
961222
961223
961224
961225
961226
961227
961228
961229
961230
961231
970101
970102
970103
970104
970105
970106
970107
970108
970109
970110
970111
970112
970113
970114
970115
970116
970117
970118
970119
970120
970121
970122
970123
970124
970125
970126
970127
970128
970129
970130
970131
970201
970202
970203
970204
970205
970206
970207
970208
970209
970210
970211
970212
970213
970214
970215
970216
970217
970218
970219
970220
970221
970222
970223
970224
970225
970226
970227
970228
970229
970230
970231
970301
970302
970303
970304
970305
970306
970307
970308
970309
970310
970311
970312
970313
970314
970315
970316
970317
970318
970319
970320
970321
970322
970323
970324
970325
970326
970327
970328
970329
970330
970331
970401
970402
970403
970404
970405
970406
970407
970408
970409
970410
970411
970412
970413
970414
970415
970416
970417
970418
970419
970420
970421
970422
970423
970424
970425
970426
970427
970428
970429
970430
970431
970501
970502
970503
970504
970505
970506
970507
970508
970509
970510
970511
970512
970513
970514
970515
970516
970517
970518
970519
970520
970521
970522
970523
970524
970525
970526
970527
970528
970529
970530
970531
970601
970602
970603
970604
970605
970606
970607
970608
970609
970610
970611
970612
970613
970614
970615
970616
970617
970618
970619
970620
970621
970622
970623
970624
970625
970626
970627
970628
970629
970630
970631
970701
970702
970703
970704
970705
970706
970707
970708
970709
970710
970711
970712
970713
970714
970715
970716
970717
970718
970719
970720
970721
970722
970723
970724
970725
970726
970727
970728
970729
970730
970731
970801
970802
970803
970804
970805
970806
970807
970808
970809
970810
970811
970812
970813
970814
970815
970816
970817
970818
970819
970820
970821
970822
970823
970824
970825
970826
970827
970828
970829
970830
970831
970901
970902
970903
970904
970905
970906
970907
970908
970909
970910
970911
970912
970913
970914
970915
970916
970917
970918
970919
970920
970921
970922
970923
970924
970925
970926
970927
970928
970929
970930
970931
971001
971002
971003
971004
971005
971006
971007
971008
971009
971010
971011
971012
971013
971014
971015
971016
971017
971018
971019
971020
971021
971022
971023
971024
971025
971026
971027
971028
971029
971030
971031
971101
971102
971103
971104
971105
971106
971107
971108
971109
971110
971111
971112
971113
971114
971115
971116
971117
971118
971119
971120
971121
971122
971123
971124
971125
971126
971127
971128
971129
971130
971131
971201
971202
971203
971204
971205
971206
971207
971208
971209
971210
971211
971212
971213
971214
971215
971216
971217
971218
971219
971220
971221
971222
971223
971224
971225
971226
971227
971228
971229
971230
971231
