1512480101
1512480102
1512480127
1512480103
1512480104
1519640215
1512480105
1512480106
1512480107
1512480108
1512480109
1512480110
1512480111
1512480112
1512480113
1512480114
1512480115
1512480116
1512480117
1512480118
1512480119
1512480120
1512480121
1512480122
1512480123
1512480124
1512480125
1512480126
1512480127
1512480128
1512480129
1512480130
1512480131
1512480132
1512480133
1512480134
1512480135
1512480136
1512480137
1512480138
1512480139
1512480140
1512480141
1512480142
1512480143
1512480144
1512480201
1512480202
1512480203
1512480204
1512480205
1512480206
1512480207
1512480208
1512480209
1512480210
1512480211
1512480212
1512480213
1512480214
1512480215
1512480216
1512480217
1512480218
1512480219
1512480220
1512480221
1512480222
1512480223
1512480224
1512480225
1512480226
1512480227
1512480228
1512480229
1512480230
1512480231
1512480232
1512480233
1512480234
1512480235
1512480236
1512480237
1512480238
1512480239
1512480240
1512480241
1512480242
1512480243
1512480244
1512480301
1512480302
1512480303
1512480304
1512480305
1512480306
1512480307
1512480308
1512480309
1512480310
1512480311
1512480312
1512480313
1512480314
1512480315
1512480316
1512480317
1512480318
1512480319
1512480320
1512480321
1512480322
1512480323
1512480324
1512480325
1512480326
1512480327
1512480328
1512480329
1512480330
1512480331
1512480332
1512480333
1512480334
1512480335
1512480336
1512480337
1512480338
1512480339
1512480340
1512480341
1512480342
1512480343
1512480344
1512480401
1512480402
1512480403
1512480404
1512480405
1512480406
1512480407
1512480408
1512480409
1512480410
1512480411
1512480412
1512480413
1512480414
1512480415
1512480416
1512480417
1512480418
1512480419
1512480420
1512480421
1512480422
1512480423
1512480424
1512480425
1512480426
1512480427
1512480428
1512480429
1512480430
1512480431
1512480432
1512480433
1512480434
1512480435
1512480436
1512480437
1512480438
1512480439
1512480440
1512480441
1512480442
1512480443
1512480444
1519640101
1519640102
1519640103
1519640104
1519640105
1519640106
1519640107
1519640108
1519640109
1519640110
1519640111
1519640112
1519640113
1519640114
1519640115
1519640116
1519640117
1519640118
1519640119
1519640120
1519640121
1519640122
1519640123
1519640124
1519640125
1519640126
1519640127
1519640128
1519640129
1519640130
1519640131
1519640132
1519640133
1519640134
1519640135
1519640136
1519640137
1519640138
1519640139
1519640140
1519640141
1519640142
1519640143
1519640144
1519640145
1519640146
1519640147
1519640148
1519640149
1519640150
1519640151
1519640152
1519640153
1519640154
1519640155
1519640156
1519640157
1519640158
1519640159
1519640160
1519640161
1519640162
1519640163
1519640164
1519640165
1519640166
1519640167
1519640168
1519640169
1519640170
1519640171
1519640172
1519640173
1519640174
1519640175
1519640176
1519640177
1519640178
1519640179
1519640180
1519640181
1519640182
1519640183
1519640184
1519640185
1519640186
1519640187
1519640188
1519640189
1519640190
1519640191
1519640192
1519640193
1519640194
1519640195
1519640196
1519640197
1519640198
1519640199
1519640200
1519640201
1519640202
1519640203
1519640204
1519640205
1519640206
1519640207
1519640208
1519640209
1519640210
1519640211
1519640212
1519640213
1519640214
1519640215
1519640216
1519640217
1519640218
1519640219
1519640220
1519640221
1519640222
1519640223
1519640224
1519640225
1519640226
1519640227
1519640228
1519640229
1519640230
1519640231
1519640232
1519640233
1519640234
1519640235
1519640236
1519640237
1519640238
1519640239
1519640240
1519640241
1519640242
1519640243
1519640244
1519640245
1519640246
1519640247
1519640248
1519640249
1519640250
1519640251
1519640252
1519640253
1519640254
1519640255
1519640256
1519640257
1519640258
1519640259
1519640260
1519640261
1519640262
1519640263
1519640264
1519640265
1519640266
1519640267
1519640268
1519640269
1519640270
1519640271
1519640272
1519640273
1519640274
1519640275
1519640276
1519640277
1519640278
1519640279
1519640280
1519640281
1519640282
1519640283
1519640284
1519640285
1519640286
1519640287
1519640288
1519640289
1519640290
1519640291
1519640292
1519640293
1519640294
1519640295
1519640296
1519640297
1519640298
1519640299
1519640300
1519640301
1519640302
1519640303
1519640304
1519640305
1519640306
1519640307
1519640308
1519640309
1519640310
1519640311
1519640312
1519640313
1519640314
1519640315
1519640316
1519640317
1519640318
1519640319
1519640320
1519640321
1519640322
1519640323
1519640324
1519640325
1519640326
1519640327
1519640328
1519640329
1519640330
1519640331
1519640332
1519640333
1519640334
1519640335
1519640336
1519640337
1519640338
1519640339
1519640340
1519640341
1519640342
1519640343
1519640344
1519640345
1519640346
1519640347
1519640348
1519640349
1519640350
1519640351
1519640352
1519640353
1519640354
1519640355
1519640356
1519640357
1519640358
1519640359
1519640360
1519640361
1519640362
1519640363
1519640364
1519640365
1519640366
1519640367
1519640368
1519640369
1519640370
1519640371
1519640372
1519640373
1519640374
1519640375
1519640376
1519640377
1519640378
1519640379
1519640380
1519640381
1519640382
1519640383
1519640384
1519640385
1519640386
1519640387
1519640388
1519640389
1519640390
1519640391
1519640392
1519640393
1519640394
1519640395
1519640396
1519640397
1519640398
1519640399
1519640400
1519640401
1519640402
1519640403
1519640404
1519640405
1519640406
1519640407
1519640408
1519640409
1519640410
1519640411
1519640412
1519640413
1519640414
1519640415
1519640416
1519640417
1519640418
1519640419
1519640420
1519640421
1519640422
1519640423
1519640424
1519640425
1519640426
1519640427
1519640428
1519640429
1519640430
1519640431
1519640432
1519640433
1519640434
1519640435
1519640436
1519640437
1519640438
1519640439
1519640440
1519640441
1519640442
1519640443
1519640444
1519640445
1519640446
1519640447
1519640448
1519640449
1519640450
1519640451
1519640452
1519640453
1519640454
1519640455
1519640456
1519640457
1519640458
1519640459
1519640460
1519640461
1519640462
1519640463
1519640464
1519640465
1519640466
1519640467
1519640468
1519640469
1519640470
1519640471
1519640472
1519640473
1519640474
1519640475
1519640476
1519640477
1519640478
1519640479
1519640480
1519640481
1519640482
1519640483
1519640484
1519640485
1519640486
1519640487
1519640488
1519640489
1519640490
1519640491
1519640492
1519640493
1519640494
1519640495
1519640496
1519640497
1519640498
1519640499
1519640500
1519640501
1519640502
1519640503
1519640504
1519640505
1519640506
1519640507
1519640508
1519640509
1519640510
1519640511
1519640512
1519640513
1519640514
1519640515
1519640516
1519640517
1519640518
1519640519
1519640520
1519640521
1519640522
1519640523
1519640524
1519640525
1519640526
1519640527
1519640528
1519640529
1519640530
1519640531
1519640532
1519640533
1519640534
1519640535
1519640536
1519640537
1519640538
1519640539
1519640540
1519640541
1519640542
1519640543
1519640544
1519640545
1519640546
1519640547
1519640548
1519640549
1519640550
1519640551
1519640552
1519640553
1519640554
1519640555
1519640556
1519640557
1519640558
1519640559
1519640560
1519640561
1519640562
1519640563
1519640564
1519640565
1519640566
1519640567
1519640568
1519640569
1519640570
1519640571
1519640572
1519640573
1519640574
1519640575
1519640576
1519640577
1519640578
1519640579
1519640580
1519640581
1519640582
1519640583
1519640584
1519640585
1519640586
1519640587
1519640588
1519640589
1519640590
1519640591
1519640592
1519640593
1519640594
1519640595
1519640596
1519640597
1519640598
1519640599
1519640600
1519640601
1519640602
1519640603
1519640604
1519640605
1519640606
1519640607
1519640608
1519640609
1519640610
1519640611
1519640612
1519640613
1519640614
1519640615
1519640616
1519640617
1519640618
1519640619
1519640620
1519640621
1519640622
1519640623
1519640624
1519640625
1519640626
1519640627
1519640628
1519640629
1519640630
1519640631
1519640632
1519640633
1519640634
1519640635
1519640636
1519640637
1519640638
1519640639
1519640640
1519640641
1519640642
1519640643
1519640644
1519640645
1519640646
1519640647
1519640648
1519640649
1519640650
1519640651
1519640652
1519640653
1519640654
1519640655
1519640656
1519640657
1519640658
1519640659
1519640660
1519640661
1519640662
1519640663
1519640664
1519640665
1519640666
1519640667
1519640668
1519640669
1519640670
1519640671
1519640672
1519640673
1519640674
1519640675
1519640676
1519640677
1519640678
1519640679
1519640680
1519640681
1519640682
1519640683
1519640684
1519640685
1519640686
1519640687
1519640688
1519640689
1519640690
1519640691
1519640692
1519640693
1519640694
1519640695
1519640696
1519640697
1519640698
1519640699
1519640700
1519640701
1519640702
1519640703
1519640704
1519640705
1519640706
1519640707
1519640708
1519640709
1519640710
1519640711
1519640712
1519640713
1519640714
1519640715
1519640716
1519640717
1519640718
1519640719
1519640720
1519640721
1519640722
1519640723
1519640724
1519640725
1519640726
1519640727
1519640728
1519640729
1519640730
1519640731
1519640732
1519640733
1519640734
1519640735
1519640736
1519640737
1519640738
1519640739
