19950101
19950102
19950103
19950104
19950105
19950106
19950107
19950108
19950109
19950110
19950111
19950112
19950113
19950114
19950115
19950116
19950117
19950118
19950119
19950120
19950121
19950122
19950123
19950124
19950125
19950126
19950127
19950128
19950129
19950130
19950131
19950201
19950202
19950203
19950204
19950205
19950206
19950207
19950208
19950209
19950210
19950211
19950212
19950213
19950214
19950215
19950216
19950217
19950218
19950219
19950220
19950221
19950222
19950223
19950224
19950225
19950226
19950227
19950228
19950229
19950230
19950231
19950301
19950302
19950303
19950304
19950305
19950306
19950307
19950308
19950309
19950310
19950311
19950312
19950313
19950314
19950315
19950316
19950317
19950318
19950319
19950320
19950321
19950322
19950323
19950324
19950325
19950326
19950327
19950328
19950329
19950330
19950331
19950401
19950402
19950403
19950404
19950405
19950406
19950407
19950408
19950409
19950410
19950411
19950412
19950413
19950414
19950415
19950416
19950417
19950418
19950419
19950420
19950421
19950422
19950423
19950424
19950425
19950426
19950427
19950428
19950429
19950430
19950431
19950501
19950502
19950503
19950504
19950505
19950506
19950507
19950508
19950509
19950510
19950511
19950512
19950513
19950514
19950515
19950516
19950517
19950518
19950519
19950520
19950521
19950522
19950523
19950524
19950525
19950526
19950527
19950528
19950529
19950530
19950531
19950601
19950602
19950603
19950604
19950605
19950606
19950607
19950608
19950609
19950610
19950611
19950612
19950613
19950614
19950615
19950616
19950617
19950618
19950619
19950620
19950621
19950622
19950623
19950624
19950625
19950626
19950627
19950628
19950629
19950630
19950631
19950701
19950702
19950703
19950704
19950705
19950706
19950707
19950708
19950709
19950710
19950711
19950712
19950713
19950714
19950715
19950716
19950717
19950718
19950719
19950720
19950721
19950722
19950723
19950724
19950725
19950726
19950727
19950728
19950729
19950730
19950731
19950801
19950802
19950803
19950804
19950805
19950806
19950807
19950808
19950809
19950810
19950811
19950812
19950813
19950814
19950815
19950816
19950817
19950818
19950819
19950820
19950821
19950822
19950823
19950824
19950825
19950826
19950827
19950828
19950829
19950830
19950831
19950901
19950902
19950903
19950904
19950905
19950906
19950907
19950908
19950909
19950910
19950911
19950912
19950913
19950914
19950915
19950916
19950917
19950918
19950919
19950920
19950921
19950922
19950923
19950924
19950925
19950926
19950927
19950928
19950929
19950930
19950931
19951001
19951002
19951003
19951004
19951005
19951006
19951007
19951008
19951009
19951010
19951011
19951012
19951013
19951014
19951015
19951016
19951017
19951018
19951019
19951020
19951021
19951022
19951023
19951024
19951025
19951026
19951027
19951028
19951029
19951030
19951031
19951101
19951102
19951103
19951104
19951105
19951106
19951107
19951108
19951109
19951110
19951111
19951112
19951113
19951114
19951115
19951116
19951117
19951118
19951119
19951120
19951121
19951122
19951123
19951124
19951125
19951126
19951127
19951128
19951129
19951130
19951131
19951201
19951202
19951203
19951204
19951205
19951206
19951207
19951208
19951209
19951210
19951211
19951212
19951213
19951214
19951215
19951216
19951217
19951218
19951219
19951220
19951221
19951222
19951223
19951224
19951225
19951226
19951227
19951228
19951229
19951230
19951231
19960101
19960102
19960103
19960104
19960105
19960106
19960107
19960108
19960109
19960110
19960111
19960112
19960113
19960114
19960115
19960116
19960117
19960118
19960119
19960120
19960121
19960122
19960123
19960124
19960125
19960126
19960127
19960128
19960129
19960130
19960131
19960201
19960202
19960203
19960204
19960205
19960206
19960207
19960208
19960209
19960210
19960211
19960212
19960213
19960214
19960215
19960216
19960217
19960218
19960219
19960220
19960221
19960222
19960223
19960224
19960225
19960226
19960227
19960228
19960229
19960230
19960231
19960301
19960302
19960303
19960304
19960305
19960306
19960307
19960308
19960309
19960310
19960311
19960312
19960313
19960314
19960315
19960316
19960317
19960318
19960319
19960320
19960321
19960322
19960323
19960324
19960325
19960326
19960327
19960328
19960329
19960330
19960331
19960401
19960402
19960403
19960404
19960405
19960406
19960407
19960408
19960409
19960410
19960411
19960412
19960413
19960414
19960415
19960416
19960417
19960418
19960419
19960420
19960421
19960422
19960423
19960424
19960425
19960426
19960427
19960428
19960429
19960430
19960431
19960501
19960502
19960503
19960504
19960505
19960506
19960507
19960508
19960509
19960510
19960511
19960512
19960513
19960514
19960515
19960516
19960517
19960518
19960519
19960520
19960521
19960522
19960523
19960524
19960525
19960526
19960527
19960528
19960529
19960530
19960531
19960601
19960602
19960603
19960604
19960605
19960606
19960607
19960608
19960609
19960610
19960611
19960612
19960613
19960614
19960615
19960616
19960617
19960618
19960619
19960620
19960621
19960622
19960623
19960624
19960625
19960626
19960627
19960628
19960629
19960630
19960631
19960701
19960702
19960703
19960704
19960705
19960706
19960707
19960708
19960709
19960710
19960711
19960712
19960713
19960714
19960715
19960716
19960717
19960718
19960719
19960720
19960721
19960722
19960723
19960724
19960725
19960726
19960727
19960728
19960729
19960730
19960731
19960801
19960802
19960803
19960804
19960805
19960806
19960807
19960808
19960809
19960810
19960811
19960812
19960813
19960814
19960815
19960816
19960817
19960818
19960819
19960820
19960821
19960822
19960823
19960824
19960825
19960826
19960827
19960828
19960829
19960830
19960831
19960901
19960902
19960903
19960904
19960905
19960906
19960907
19960908
19960909
19960910
19960911
19960912
19960913
19960914
19960915
19960916
19960917
19960918
19960919
19960920
19960921
19960922
19960923
19960924
19960925
19960926
19960927
19960928
19960929
19960930
19960931
19961001
19961002
19961003
19961004
19961005
19961006
19961007
19961008
19961009
19961010
19961011
19961012
19961013
19961014
19961015
19961016
19961017
19961018
19961019
19961020
19961021
19961022
19961023
19961024
19961025
19961026
19961027
19961028
19961029
19961030
19961031
19961101
19961102
19961103
19961104
19961105
19961106
19961107
19961108
19961109
19961110
19961111
19961112
19961113
19961114
19961115
19961116
19961117
19961118
19961119
19961120
19961121
19961122
19961123
19961124
19961125
19961126
19961127
19961128
19961129
19961130
19961131
19961201
19961202
19961203
19961204
19961205
19961206
19961207
19961208
19961209
19961210
19961211
19961212
19961213
19961214
19961215
19961216
19961217
19961218
19961219
19961220
19961221
19961222
19961223
19961224
19961225
19961226
19961227
19961228
19961229
19961230
19961231
19970101
19970102
19970103
19970104
19970105
19970106
19970107
19970108
19970109
19970110
19970111
19970112
19970113
19970114
19970115
19970116
19970117
19970118
19970119
19970120
19970121
19970122
19970123
19970124
19970125
19970126
19970127
19970128
19970129
19970130
19970131
19970201
19970202
19970203
19970204
19970205
19970206
19970207
19970208
19970209
19970210
19970211
19970212
19970213
19970214
19970215
19970216
19970217
19970218
19970219
19970220
19970221
19970222
19970223
19970224
19970225
19970226
19970227
19970228
19970229
19970230
19970231
19970301
19970302
19970303
19970304
19970305
19970306
19970307
19970308
19970309
19970310
19970311
19970312
19970313
19970314
19970315
19970316
19970317
19970318
19970319
19970320
19970321
19970322
19970323
19970324
19970325
19970326
19970327
19970328
19970329
19970330
19970331
19970401
19970402
19970403
19970404
19970405
19970406
19970407
19970408
19970409
19970410
19970411
19970412
19970413
19970414
19970415
19970416
19970417
19970418
19970419
19970420
19970421
19970422
19970423
19970424
19970425
19970426
19970427
19970428
19970429
19970430
19970431
19970501
19970502
19970503
19970504
19970505
19970506
19970507
19970508
19970509
19970510
19970511
19970512
19970513
19970514
19970515
19970516
19970517
19970518
19970519
19970520
19970521
19970522
19970523
19970524
19970525
19970526
19970527
19970528
19970529
19970530
19970531
19970601
19970602
19970603
19970604
19970605
19970606
19970607
19970608
19970609
19970610
19970611
19970612
19970613
19970614
19970615
19970616
19970617
19970618
19970619
19970620
19970621
19970622
19970623
19970624
19970625
19970626
19970627
19970628
19970629
19970630
19970631
19970701
19970702
19970703
19970704
19970705
19970706
19970707
19970708
19970709
19970710
19970711
19970712
19970713
19970714
19970715
19970716
19970717
19970718
19970719
19970720
19970721
19970722
19970723
19970724
19970725
19970726
19970727
19970728
19970729
19970730
19970731
19970801
19970802
19970803
19970804
19970805
19970806
19970807
19970808
19970809
19970810
19970811
19970812
19970813
19970814
19970815
19970816
19970817
19970818
19970819
19970820
19970821
19970822
19970823
19970824
19970825
19970826
19970827
19970828
19970829
19970830
19970831
19970901
19970902
19970903
19970904
19970905
19970906
19970907
19970908
19970909
19970910
19970911
19970912
19970913
19970914
19970915
19970916
19970917
19970918
19970919
19970920
19970921
19970922
19970923
19970924
19970925
19970926
19970927
19970928
19970929
19970930
19970931
19971001
19971002
19971003
19971004
19971005
19971006
19971007
19971008
19971009
19971010
19971011
19971012
19971013
19971014
19971015
19971016
19971017
19971018
19971019
19971020
19971021
19971022
19971023
19971024
19971025
19971026
19971027
19971028
19971029
19971030
19971031
19971101
19971102
19971103
19971104
19971105
19971106
19971107
19971108
19971109
19971110
19971111
19971112
19971113
19971114
19971115
19971116
19971117
19971118
19971119
19971120
19971121
19971122
19971123
19971124
19971125
19971126
19971127
19971128
19971129
19971130
19971131
19971201
19971202
19971203
19971204
19971205
19971206
19971207
19971208
19971209
19971210
19971211
19971212
19971213
19971214
19971215
19971216
19971217
19971218
19971219
19971220
19971221
19971222
19971223
19971224
19971225
19971226
19971227
19971228
19971229
19971230
19971231
